d <-
structure(list(sap = 1:5, blb = 6:10, ggg = 11:15, doge = 16:20), .Names = c("sap", 
"blb", "ggg", "doge"), row.names = c(NA, 5L), class = "data.frame")
e <-
structure(list(X1 = c(1, 2, 3, 4, 5, 6, 7, 8, 9, 10, 11, 12, 
13, 14, 15), X2 = c(0, 71.43, 142.86, 214.29, 285.71, 357.14, 
428.57, 500, 571.43, 642.86, 714.29, 785.71, 857.14, 928.57, 
1000), X3 = c(117, 70, -11, 97, 99, 85, 104, 83, 131, 219, 104, 
185, 72, 111, 113)), .Names = c("X1", "X2", "X3"), row.names = c(NA, 
-15L), class = "data.frame")
m <-
structure(c(39, 181, 129, 151, 82, 66, 25, 92, 62, 154, 61, NA, 
39, 132, 154), .Dim = c(5L, 3L))
o <-
c(39, 66, 61, 181, 25, NA, 129, 92, 39, 151, 62, 132, 82, 154, 
154)
v1 <-
c(0, 11, 22, 33, 44, 55, 66, 77, 88, 99)
v2 <-
c(39, 97, 159, 147, 68, 122, 133, 125, 36, 103)
v3 <-
c(0.82, 5.68, 32.55, 41.28, 10.78, 3.1, 66.65, 29.73, 4.13, 20.66
)
